# touch_calib <usb serial> 2026-10-04 21:08: pass, cross, target x y, press x y
0 0 70 70 83 73
0 1 205 70 230 66
0 2 340 70 353 75
0 3 70 251 83 248
0 4 205 251 227 243
0 5 340 251 369 247
0 6 70 432 95 433
0 7 205 432 224 429
0 8 340 432 362 437
1 0 70 70 75 74
1 1 205 70 221 69
1 2 340 70 353 73
1 3 70 251 92 240
1 4 205 251 219 250
1 5 340 251 350 251
1 6 70 432 86 449
1 7 205 432 218 429
1 8 340 432 359 439
2 0 70 70 82 81
2 1 205 70 213 75
2 2 340 70 358 65
2 3 70 251 78 242
2 4 205 251 221 248
2 5 340 251 368 255
2 6 70 432 86 433
2 7 205 432 227 435
2 8 340 432 354 438
# x: press = 1.0148 * target +13.7   (rms 5.8 px, worst 10.3; mean off +16.7)
#    target  70 -> press mean   84.4  (75..95, n 9)
#    target 205 -> press mean  222.2  (213..230, n 9)
#    target 340 -> press mean  358.4  (350..369, n 9)
# y: press = 1.0040 * target -0.3   (rms 6.0 px, worst 15.5; mean off +0.7)
#    target  70 -> press mean   72.3  (65..81, n 9)
#    target 251 -> press mean  247.1  (240..255, n 9)
#    target 432 -> press mean  435.8  (429..449, n 9)
