# touch_calib <usb serial> 2026-10-01 17:25: pass, cross, target x y, press x y
0 0 70 70 80 62
0 1 205 70 210 54
0 2 340 70 334 70
0 3 70 251 75 247
0 4 205 251 203 263
0 5 340 251 339 254
0 6 70 432 70 419
0 7 205 432 200 439
0 8 340 432 331 428
1 0 70 70 76 65
1 1 205 70 219 63
1 2 340 70 331 73
1 3 70 251 71 272
1 4 205 251 207 254
1 5 340 251 352 253
1 6 70 432 83 420
1 7 205 432 205 433
1 8 340 432 341 432
2 0 70 70 76 62
2 1 205 70 218 56
2 2 340 70 334 70
2 3 70 251 60 249
2 4 205 251 208 259
2 5 340 251 335 251
2 6 70 432 83 438
2 7 205 432 201 433
2 8 340 432 332 430
# x: press = 0.9691 * target +7.8   (rms 6.6 px, worst 15.6; mean off +1.4)
#    target  70 -> press mean   74.9  (60..83, n 9)
#    target 205 -> press mean  207.9  (200..219, n 9)
#    target 340 -> press mean  336.6  (331..352, n 9)
# y: press = 1.0120 * target -4.0   (rms 7.8 px, worst 22.0; mean off -1.0)
#    target  70 -> press mean   63.9  (54..73, n 9)
#    target 251 -> press mean  255.8  (247..272, n 9)
#    target 432 -> press mean  430.2  (419..439, n 9)
