# touch_calib <usb serial> 2026-10-04 21:04: pass, cross, target x y, press x y
0 0 48 40 49 74
0 1 224 40 224 60
0 2 400 40 387 58
0 3 48 184 35 219
0 4 224 184 220 201
0 5 400 184 390 216
0 6 48 328 54 334
0 7 224 328 212 335
0 8 400 328 386 338
1 0 48 40 46 57
1 1 224 40 239 50
1 2 400 40 394 55
1 3 48 184 46 215
1 4 224 184 219 197
1 5 400 184 401 212
1 6 48 328 55 338
1 7 224 328 208 338
1 8 400 328 401 337
2 0 48 40 43 49
2 1 224 40 218 44
2 2 400 40 396 51
2 3 48 184 29 215
2 4 224 184 218 193
2 5 400 184 403 195
2 6 48 328 34 338
2 7 224 328 209 338
2 8 400 328 401 338
# x: press = 1.0000 * target -4.9   (rms 7.9 px, worst 19.9; mean off -4.9)
#    target  48 -> press mean   43.4  (29..55, n 9)
#    target 224 -> press mean  218.6  (208..239, n 9)
#    target 400 -> press mean  395.4  (386..403, n 9)
# y: press = 0.9784 * target +19.8   (rms 9.0 px, worst 19.2; mean off +15.8)
#    target  40 -> press mean   55.3  (44..74, n 9)
#    target 184 -> press mean  207.0  (193..219, n 9)
#    target 328 -> press mean  337.1  (334..338, n 9)
