# touch_calib <usb serial> 2026-10-04 20:56: pass, cross, target x y, press x y
0 0 110 110 111 131
0 1 233 110 235 121
0 2 356 110 362 137
0 3 110 233 107 253
0 4 233 233 219 257
0 5 356 233 362 258
0 6 110 356 120 368
0 7 233 356 239 381
0 8 356 356 346 374
1 0 110 110 100 140
1 1 233 110 233 133
1 2 356 110 345 130
1 3 110 233 103 261
1 4 233 233 228 253
1 5 356 233 344 253
1 6 110 356 120 376
1 7 233 356 242 377
1 8 356 356 341 375
2 0 110 110 93 134
2 1 233 110 238 141
2 2 356 110 344 141
2 3 110 233 106 261
2 4 233 233 231 257
2 5 356 233 367 261
2 6 110 356 112 372
2 7 233 356 241 380
2 8 356 356 345 369
# x: press = 0.9864 * target +1.0   (rms 8.6 px, worst 16.6; mean off -2.1)
#    target 110 -> press mean  108.0  (93..120, n 9)
#    target 233 -> press mean  234.0  (219..242, n 9)
#    target 356 -> press mean  350.7  (341..367, n 9)
# y: press = 0.9774 * target +27.6   (rms 4.9 px, worst 14.1; mean off +22.3)
#    target 110 -> press mean  134.2  (121..141, n 9)
#    target 233 -> press mean  257.1  (253..261, n 9)
#    target 356 -> press mean  374.7  (368..381, n 9)
